57.7d0		! Tr exp 1 - PBDP1-5
1.65d0		! Pr exp 1
60.0d0		! Tb exp 1

1	57.9	60.0
2	58.1	60.0
3	58.3	60.0
4	58.4	60.0
5	58.6	60.0
6	58.7	60.0
7	58.8	60.0
8	59.0	60.0
9	59.1	60.0
10	59.2	60.0
11	59.3	60.0
12	59.5	60.0
13	59.6	60.0
14	59.8	60.0
15	59.9	60.0
16	60.0	60.0
17	60.2	60.0
20	60.9	60.0
25	62.1	60.0
30	63.5	60.0
40	65.0	60.0
50	64.9	60.0
60	63.4	60.0
75	61.5	60.0
90	60.4	60.0

1.069267662
0.896288644
0.665832812
0.458257569
0.75055535
1.081665383
1.5011107
1.955334583
2.400694344
2.676440422
2.970409624
2.954657341
2.829016319
2.510644008
2.182506205
1.670329309
1.153256259
0.173205081
0.723417814
1.069267662
0.721110255
0.56862407
0.4163332
0.264575131
0.2081666

1.65
1.66
1.66
1.67
1.67
1.68
1.69
1.69
1.69
1.69
1.69
1.69
1.69
1.70
1.70
1.70
1.70
1.70
1.70
1.68
1.61
1.51
1.45
1.41
1.41

0.19
0.183393929
0.185202592
0.181475435
0.172143351
0.168621865
0.174355958
0.174355958
0.180092569
0.188237439
0.193476958
0.205020324
0.213853532
0.219620885
0.225388553
0.225388553
0.225388553
0.220302822
0.188237439
0.1530795
0.115470054
0.088881944
0.060277138
0.052915026
0.057735027

0.978d0
0.017d0
71138.6d0
385741.4d0

0.008717798
0.009237604
4532.141878
30005.48156

3.349555015		! Solvente mol  ! PADRAO S2
0.000195401		! Catalisador mol
0.523926081		! Butadieno mol
0.000358931		! DIBA-H mol
