  1.00          342.93617           64.29548
  2.00          343.25437           64.39110
  3.00          343.64323           64.50790
  4.00          344.06234           64.63373
  5.00          344.48300           64.75996
  6.00          344.88559           64.88072
  7.00          345.25745           64.99220
  8.00          345.59111           65.09219
  9.00          345.88291           65.17960
 10.00          346.13192           65.25418
 11.00          346.33908           65.31620
 12.00          346.50657           65.36633
 13.00          346.63733           65.40546
 14.00          346.73470           65.43460
 15.00          346.80220           65.45479
 20.00          346.80776           65.45646
 25.00          346.50087           65.36462
 30.00          346.08995           65.24161
 40.00          345.29419           65.00321
 50.00          344.67890           64.81873
 60.00          344.23938           64.68687
 75.00          343.81472           64.55940
 90.00          343.56617           64.48476
105.00          343.41839           64.44037
120.00          343.32849           64.41337
