  0.00            1.65000            0.65500            0.63922            0.35578
  1.00            1.65625            0.64711            0.65284            0.35630
  2.00            1.67243            0.65337            0.66232            0.35674
  3.00            1.68571            0.65826            0.67033            0.35711
  4.00            1.69660            0.66199            0.67720            0.35741
  5.00            1.70555            0.66474            0.68316            0.35766
  6.00            1.71290            0.66664            0.68839            0.35786
  7.00            1.71891            0.66781            0.69307            0.35803
  8.00            1.72380            0.66833            0.69729            0.35817
  9.00            1.72774            0.66829            0.70117            0.35829
 10.00            1.73087            0.66772            0.70477            0.35838
 11.00            1.73328            0.66668            0.70814            0.35846
 12.00            1.73507            0.66520            0.71134            0.35853
 13.00            1.73629            0.66331            0.71440            0.35857
 14.00            1.73699            0.66104            0.71734            0.35861
 15.00            1.73723            0.65841            0.72018            0.35864
 16.00            1.73702            0.65543            0.72295            0.35865
 17.00            1.73640            0.65211            0.72564            0.35866
 20.00            1.73225            0.64028            0.73334            0.35863
 25.00            1.71851            0.61496            0.74512            0.35843
 30.00            1.69731            0.58368            0.75555            0.35807
 40.00            1.63736            0.50854            0.77184            0.35698
 50.00            1.56296            0.42562            0.78176            0.35558
 60.00            1.48443            0.34433            0.78604            0.35406
 75.00            1.37646            0.23866            0.78587            0.35192
 90.00            1.29070            0.15874            0.78178            0.35018
