
     RESULTADOS DA ESTIMACAO

   Numero de Experimentos =   1
   Numero de Variáveis de Entrada =  20
   Numero de Variáveis de Saida =  54

   Número de Iterações =   1

   Função Objetivo =  0.635856E+02

   Graus de Liberdade =  0.490000E+02

   Chi2 superior =  0.702224E+02

   Chi2 inferior =  0.315549E+02

   Parâmetros EstimadosLimites de Confiança e Desvio Padrão
                      Param          LimInf          LimSup         DesvPad
   Param(01) =    -.289106E+01    -.296192E+01    -.282020E+01    0.352605E-01
   Param(02) =    -.170203E+01    -.171999E+01    -.168408E+01    0.893466E-02
   Param(03) =    0.295243E+01    0.287330E+01    0.303156E+01    0.393768E-01
   Param(04) =    -.694744E+00    -.757039E+00    -.632449E+00    0.309992E-01
   Param(05) =    0.194172E+01    0.189039E+01    0.199306E+01    0.255451E-01

   Limites de Confiança do Enxame e da Elipse
                    Param       LIelipse      LIenxame      LSelipse      LSenxame
   Param(01) =  -.289106E+01  -.296192E+01  -.340000E+01  -.282020E+01  -.200000E+00
   Param(02) =  -.170203E+01  -.171999E+01  -.240000E+01  -.168408E+01  -.150000E+01
   Param(03) =  0.295243E+01  0.287330E+01  0.280000E+01  0.303156E+01  0.340000E+01
   Param(04) =  -.694744E+00  -.757039E+00  -.100000E+01  -.632449E+00  -.100000E+00
   Param(05) =  0.194172E+01  0.189039E+01  -.627744E+67  0.199306E+01  0.194172E+01

   Matriz de Covariância dos Parâmetros
      0.124330E-02  -.146105E-03  -.115441E-03  -.640068E-03  0.401142E-03
      -.146105E-03  0.798281E-04  -.283176E-03  0.267219E-03  -.225176E-03
      -.115441E-03  -.283176E-03  0.155053E-02  -.922225E-03  0.829578E-03
      -.640068E-03  0.267219E-03  -.922225E-03  0.960949E-03  -.771872E-03
      0.401142E-03  -.225176E-03  0.829578E-03  -.771872E-03  0.652553E-03

   Matriz de Correlação dos Parâmetros
      0.100000E+01  -.463767E+00  -.831438E-01  -.585582E+00  0.445350E+00
      -.463767E+00  0.100000E+01  -.804893E+00  0.964805E+00  -.986588E+00
      -.831438E-01  -.804893E+00  0.100000E+01  -.755520E+00  0.824724E+00
      -.585582E+00  0.964805E+00  -.755520E+00  0.100000E+01  -.974736E+00
      0.445350E+00  -.986588E+00  0.824724E+00  -.974736E+00  0.100000E+01

    Variáveis independentes (XM)
    0.195401E-03   0.000000E+00   0.523926E+00   0.000000E+00   0.000000E+00   0.000000E+00   0.000000E+00   0.358931E-03   0.000000E+00   0.000000E+00   0.000000E+00   0.100000E-19   0.100000E-19   0.000000E+00   0.100000E-19   0.100000E-19   0.000000E+00   0.330850E+03   0.330850E+03   0.486931E+00

   Variáveis dependentes (YM e Y)
    0.331050E+03   0.331250E+03   0.331450E+03   0.331550E+03   0.331750E+03   0.331850E+03   0.331950E+03   0.332150E+03   0.332250E+03   0.332350E+03   0.332450E+03   0.332650E+03   0.332750E+03   0.332950E+03   0.333050E+03   0.333150E+03   0.333350E+03   0.334050E+03   0.335250E+03   0.336650E+03   0.338150E+03   0.338050E+03   0.336550E+03   0.334650E+03   0.333550E+03   0.165000E+01   0.166000E+01   0.166000E+01   0.167000E+01   0.167000E+01   0.168000E+01   0.169000E+01   0.169000E+01   0.169000E+01   0.169000E+01   0.169000E+01   0.169000E+01   0.169000E+01   0.170000E+01   0.170000E+01   0.170000E+01   0.170000E+01   0.170000E+01   0.170000E+01   0.168000E+01   0.161000E+01   0.151000E+01   0.145000E+01   0.141000E+01   0.141000E+01   0.978000E+00   0.170000E-01   0.711386E+05   0.385741E+06   0.331330E+03   0.331754E+03   0.332108E+03   0.332407E+03   0.332663E+03   0.332884E+03   0.333077E+03   0.333250E+03   0.333405E+03   0.333546E+03   0.333676E+03   0.333797E+03   0.333910E+03   0.334016E+03   0.334117E+03   0.334213E+03   0.334304E+03   0.334555E+03   0.334906E+03   0.335177E+03   0.335490E+03   0.335530E+03   0.335365E+03   0.334936E+03   0.334457E+03   0.165484E+01   0.167100E+01   0.168426E+01   0.169515E+01   0.170409E+01   0.171144E+01   0.171745E+01   0.172235E+01   0.172629E+01   0.172942E+01   0.173184E+01   0.173363E+01   0.173485E+01   0.173556E+01   0.173580E+01   0.173560E+01   0.173498E+01   0.173084E+01   0.171710E+01   0.169591E+01   0.163598E+01   0.156159E+01   0.148307E+01   0.137511E+01   0.128927E+01   0.980528E+00   0.194720E-01   0.711648E+05   0.384259E+06

   Matriz de covariâcia de predição (componente do modelo)
    Exp 1
      -.312728E+02  -.618507E+02  -.916637E+02  -.121925E+03  -.153242E+03  -.185825E+03  -.219630E+03  -.254481E+03  -.290092E+03  -.326145E+03  -.362303E+03  -.398244E+03  -.433658E+03  -.468260E+03  -.501794E+03  -.534029E+03  -.564766E+03  -.646334E+03  -.740260E+03  -.777053E+03  -.693501E+03  -.468408E+03  -.300627E+04  0.494571E+02  0.330403E+02  -.322482E+02  -.333080E+02  -.342051E+02  -.349847E+02  -.356711E+02  -.362739E+02  -.367932E+02  -.372243E+02  -.375585E+02  -.377860E+02  -.378964E+02  -.378802E+02  -.377290E+02  -.374354E+02  -.369939E+02  -.363999E+02  -.356509E+02  -.324648E+02  -.241531E+02  -.126908E+02  0.153781E+02  0.425273E+02  -.365078E+02  0.689223E+02  0.551298E+02  -.189267E+01  0.189267E+01  0.590198E+08  0.399016E+09
