
  Iteracao =   0
  Funcao objetivo =0.635856E+02
  Parametros =     -.289106E+01     -.170203E+01     0.295243E+01     -.694744E+00     0.194172E+01
  Variaveis Dependentes (Y)
  Exp =   1   0.331330E+03   0.331754E+03   0.332108E+03   0.332407E+03   0.332663E+03   0.332884E+03   0.333077E+03   0.333250E+03   0.333405E+03   0.333546E+03   0.333676E+03   0.333797E+03   0.333910E+03   0.334016E+03   0.334117E+03   0.334213E+03   0.334304E+03   0.334555E+03   0.334906E+03   0.335177E+03   0.335490E+03   0.335530E+03   0.335365E+03   0.334936E+03   0.334456E+03   0.165484E+01   0.167100E+01   0.168426E+01   0.169515E+01   0.170409E+01   0.171144E+01   0.171745E+01   0.172235E+01   0.172629E+01   0.172942E+01   0.173184E+01   0.173363E+01   0.173485E+01   0.173556E+01   0.173580E+01   0.173560E+01   0.173498E+01   0.173084E+01   0.171710E+01   0.169591E+01   0.163598E+01   0.156159E+01   0.148307E+01   0.137511E+01   0.128923E+01   0.980528E+00   0.194720E-01   0.711648E+05   0.384259E+06

  Variacao linear da funcao objetivo =-.304905E+01
  Variacao dos parametros =  -.300928E-03  -.140142E-02  -.339908E-03  0.308559E-04  -.258287E-03
  Passo =0.100000E+01     Nova funcao objetivo =0.636657E+02
