79.5d0		! Tr exp 1 - PBDP1-6
2.61d0		! Pr exp 1
80.0d0		! Tb exp 1

1	81.2	80.0
2	82.1	80.0
3	82.5	80.0
4	83.5	80.0
5	84.8	80.0
6	86.2	80.0
7	87.6	80.0
8	88.7	80.0
9	89.5	80.0
10	89.9	80.0
11	89.9	80.0
12	89.7	80.0
13	89.4	80.0
14	88.8	80.0
15	88.3	80.0
16	87.8	80.0
17	87.2	80.0
20	85.5	80.0
21	85.1	80.0
22	84.6	80.0
25	82.8	80.0
30	81.6	80.0
40	80.4	80.0
50	79.8	80.0
60	79.4	80.0

1.069267662
0.896288644
0.665832812
0.458257569
0.75055535
1.081665383
1.5011107
1.955334583
2.400694344
2.676440422
2.970409624
2.954657341
2.829016319
2.510644008
2.182506205
1.670329309
1.153256259
0.173205081
0.723417814
1.069267662
0.721110255
0.56862407
0.4163332
0.264575131
0.2081666

2.61
2.60
2.58
2.56
2.55
2.53
2.51
2.49
2.46
2.43
2.40
2.37
2.34
2.31
2.29
2.27
2.25
2.21
2.19
2.18
2.14
2.11
2.08
2.08
2.08

0.19
0.183393929
0.185202592
0.181475435
0.172143351
0.168621865
0.174355958
0.174355958
0.180092569
0.188237439
0.193476958
0.205020324
0.213853532
0.219620885
0.225388553
0.225388553
0.225388553
0.220302822
0.188237439
0.1530795
0.115470054
0.088881944
0.060277138
0.052915026
0.057735027

0.961d0
0.033d0
57528.1d0
372088.7d0

0.008717798
0.009237604
4532.141878
30005.48156

3.286916686		! Solvente mol  ! PADRAO S2
0.000192015		! Catalisador mol
0.514127887		! Butadieno mol
0.000352559		! DIBA-H mol
