  0.00            2.61000            1.07491            1.14451            0.39058
  1.00            2.72511            1.03783            1.29627            0.39101
  2.00            2.76803            1.03770            1.33848            0.39185
  3.00            2.81960            1.03000            1.39673            0.39288
  4.00            2.86999            1.01139            1.46468            0.39392
  5.00            2.91107            0.97993            1.53631            0.39484
  6.00            2.93689            0.93523            1.60612            0.39553
  7.00            2.94389            0.87847            1.66946            0.39595
  8.00            2.93093            0.81205            1.72280            0.39608
  9.00            2.89897            0.73912            1.76393            0.39592
 10.00            2.85053            0.66307            1.79197            0.39549
 11.00            2.78909            0.58707            1.80718            0.39484
 12.00            2.71851            0.51376            1.81074            0.39400
 13.00            2.64253            0.44510            1.80439            0.39304
 14.00            2.56450            0.38234            1.79017            0.39199
 15.00            2.48713            0.32612            1.77011            0.39089
 16.00            2.41251            0.27658            1.74614            0.38979
 17.00            2.34213            0.23351            1.71991            0.38870
 20.00            2.16358            0.13807            1.63976            0.38575
 21.00            2.11554            0.11548            1.61515            0.38490
 22.00            2.07295            0.09650            1.59232            0.38413
 25.00            1.97414            0.05618            1.53568            0.38227
 30.00            1.88031            0.02283            1.47709            0.38039
 40.00            1.81849            0.00383            1.43558            0.37908
 50.00            1.80703            0.00065            1.42755            0.37883
 60.00            1.80502            0.00011            1.42612            0.37879
