
     RESULTADOS DA ESTIMACAO

   Numero de Experimentos =   1
   Numero de Variáveis de Entrada =  20
   Numero de Variáveis de Saida =  54

   Número de Iterações =   1

   Função Objetivo =  0.343115E+02

   Graus de Liberdade =  0.490000E+02

   Chi2 superior =  0.702224E+02

   Chi2 inferior =  0.315549E+02

   Parâmetros EstimadosLimites de Confiança e Desvio Padrão
                      Param          LimInf          LimSup         DesvPad
   Param(01) =    -.187764E+01    -.191749E+01    -.183778E+01    0.198325E-01
   Param(02) =    -.146679E+01    -.151060E+01    -.142298E+01    0.218003E-01
   Param(03) =    0.345331E+01    0.339464E+01    0.351199E+01    0.291975E-01
   Param(04) =    -.819218E+00    -.857117E+00    -.781318E+00    0.188594E-01
   Param(05) =    0.257000E+01    0.254292E+01    0.259708E+01    0.134750E-01

   Limites de Confiança do Enxame e da Elipse
                    Param       LIelipse      LIenxame      LSelipse      LSenxame
   Param(01) =  -.187764E+01  -.191749E+01  -.198381E+01  -.183778E+01  -.179081E+01
   Param(02) =  -.146679E+01  -.151060E+01  -.155205E+01  -.142298E+01  -.139496E+01
   Param(03) =  0.345331E+01  0.339464E+01  0.340564E+01  0.351199E+01  0.350000E+01
   Param(04) =  -.819218E+00  -.857117E+00  -.892525E+00  -.781318E+00  -.742821E+00
   Param(05) =  0.257000E+01  0.254292E+01  0.257000E+01  0.259708E+01  0.265372E+01

   Matriz de Covariância dos Parâmetros
      0.393329E-03  -.424290E-03  -.377316E-03  0.264182E-03  -.898201E-04
      -.424290E-03  0.475254E-03  0.339479E-03  -.264771E-03  0.859517E-04
      -.377316E-03  0.339479E-03  0.852495E-03  -.518985E-03  0.311898E-03
      0.264182E-03  -.264771E-03  -.518985E-03  0.355678E-03  -.226525E-03
      -.898201E-04  0.859517E-04  0.311898E-03  -.226525E-03  0.181577E-03

   Matriz de Correlação dos Parâmetros
      0.100000E+01  -.981346E+00  -.651601E+00  0.706312E+00  -.336098E+00
      -.981346E+00  0.100000E+01  0.533340E+00  -.643989E+00  0.292591E+00
      -.651601E+00  0.533340E+00  0.100000E+01  -.942498E+00  0.792751E+00
      0.706312E+00  -.643989E+00  -.942498E+00  0.100000E+01  -.891369E+00
      -.336098E+00  0.292591E+00  0.792751E+00  -.891369E+00  0.100000E+01

    Variáveis independentes (XM)
    0.192015E-03   0.000000E+00   0.514128E+00   0.000000E+00   0.000000E+00   0.000000E+00   0.000000E+00   0.352559E-03   0.000000E+00   0.000000E+00   0.000000E+00   0.100000E-19   0.100000E-19   0.000000E+00   0.100000E-19   0.100000E-19   0.000000E+00   0.352650E+03   0.352650E+03   0.477826E+00

   Variáveis dependentes (YM e Y)
    0.354350E+03   0.355250E+03   0.355650E+03   0.356650E+03   0.357950E+03   0.359350E+03   0.360750E+03   0.361850E+03   0.362650E+03   0.363050E+03   0.363050E+03   0.362850E+03   0.362550E+03   0.361950E+03   0.361450E+03   0.360950E+03   0.360350E+03   0.358650E+03   0.358250E+03   0.357750E+03   0.355950E+03   0.354750E+03   0.353550E+03   0.352950E+03   0.352550E+03   0.261000E+01   0.260000E+01   0.258000E+01   0.256000E+01   0.255000E+01   0.253000E+01   0.251000E+01   0.249000E+01   0.246000E+01   0.243000E+01   0.240000E+01   0.237000E+01   0.234000E+01   0.231000E+01   0.229000E+01   0.227000E+01   0.225000E+01   0.221000E+01   0.219000E+01   0.218000E+01   0.214000E+01   0.211000E+01   0.208000E+01   0.208000E+01   0.208000E+01   0.961000E+00   0.330000E-01   0.575281E+05   0.372089E+06   0.353095E+03   0.354055E+03   0.355338E+03   0.356775E+03   0.358223E+03   0.359567E+03   0.360726E+03   0.361647E+03   0.362307E+03   0.362705E+03   0.362857E+03   0.362792E+03   0.362544E+03   0.362152E+03   0.361651E+03   0.361077E+03   0.360459E+03   0.358573E+03   0.357986E+03   0.357436E+03   0.356042E+03   0.354543E+03   0.353426E+03   0.353200E+03   0.353159E+03   0.260656E+01   0.264491E+01   0.269122E+01   0.273666E+01   0.277386E+01   0.279728E+01   0.280355E+01   0.279144E+01   0.276166E+01   0.271638E+01   0.265871E+01   0.259213E+01   0.252010E+01   0.244572E+01   0.237158E+01   0.229970E+01   0.223153E+01   0.205681E+01   0.200929E+01   0.196696E+01   0.186778E+01   0.177193E+01   0.170706E+01   0.169465E+01   0.169243E+01   0.966993E+00   0.330074E-01   0.574805E+05   0.372150E+06

   Matriz de covariâcia de predição (componente do modelo)
    Exp 1
      0.734450E+02  0.112220E+03  0.601283E+02  -.782241E+02  -.271702E+03  -.482315E+03  -.675890E+03  -.827460E+03  -.922503E+03  -.956022E+03  -.930747E+03  -.854702E+03  -.739244E+03  -.596446E+03  -.436006E+03  -.274575E+03  -.125888E+03  0.248496E+03  0.333277E+03  0.397854E+03  0.481223E+03  0.397112E+03  0.131285E+03  0.316205E+02  0.177963E+02  0.378909E+02  0.449005E+02  0.487448E+02  0.486874E+02  0.456061E+02  0.410724E+02  0.367417E+02  0.339198E+02  0.333609E+02  0.352478E+02  0.392887E+02  0.448973E+02  0.513543E+02  0.579949E+02  0.643884E+02  0.697923E+02  0.737157E+02  0.796040E+02  0.794547E+02  0.785142E+02  0.722525E+02  0.578956E+02  0.386145E+02  0.325960E+02  0.316289E+02  0.875578E+01  -.875578E+01  0.121647E+08  0.287719E+09
