
     RESULTADOS DA ESTIMACAO

   Numero de Experimentos =   1
   Numero de Variáveis de Entrada =  20
   Numero de Variáveis de Saida =  54

   Número de Iterações =   2

   Função Objetivo =  0.346601E+02

   Graus de Liberdade =  0.490000E+02

   Chi2 superior =  0.702224E+02

   Chi2 inferior =  0.315549E+02

   Parâmetros EstimadosLimites de Confiança e Desvio Padrão
                      Param          LimInf          LimSup         DesvPad
   Param(01) =    -.218533E+01    -.288369E+01    -.148697E+01    0.797517E+00
   Param(02) =    -.147280E+01    -.152760E+01    -.141799E+01    0.037271E-01
   Param(03) =    0.373927E+01    0.303964E+01    0.443891E+01    0.348149E+00
   Param(04) =    -.727422E+00    -.102320E+01    -.431642E+00    0.047185E+00
   Param(05) =    0.283214E+01    0.217838E+01    0.348590E+01    0.325323E+00

   Limites de Confiança do Enxame e da Elipse
                    Param       LIelipse      LIenxame      LSelipse      LSenxame
   Param(01) =  -.218533E+01  -.288369E+01  -.220000E+01  -.148697E+01  -.213199E+01
   Param(02) =  -.147280E+01  -.152760E+01  -.154115E+01  -.141799E+01  -.140582E+01
   Param(03) =  0.373927E+01  0.303964E+01  0.369032E+01  0.443891E+01  0.379426E+01
   Param(04) =  -.727422E+00  -.102320E+01  -.802320E+00  -.431642E+00  -.660886E+00
   Param(05) =  0.283214E+01  0.217838E+01  0.276228E+01  0.348590E+01  0.290651E+01

   Matriz de Covariância dos Parâmetros
      0.120768E+00  -.583694E-04  -.120720E+00  -.498590E-01  -.112476E+00
      -.583694E-04  0.743734E-03  0.976929E-05  0.160015E-04  0.320160E-04
      -.120720E+00  0.976929E-05  0.121208E+00  0.499230E-01  0.112959E+00
      -.498590E-01  0.160015E-04  0.499230E-01  0.216635E-01  0.472138E-01
      -.112476E+00  0.320160E-04  0.112959E+00  0.472138E-01  0.105835E+00

   Matriz de Correlação dos Parâmetros
      0.100000E+01  -.615887E-02  -.997783E+00  -.974774E+00  -.994879E+00
      -.615887E-02  0.100000E+01  0.102894E-02  0.398647E-02  0.360864E-02
      -.997783E+00  0.102894E-02  0.100000E+01  0.974250E+00  0.997332E+00
      -.974774E+00  0.398647E-02  0.974250E+00  0.100000E+01  0.986030E+00
      -.994879E+00  0.360864E-02  0.997332E+00  0.986030E+00  0.100000E+01

    Variáveis independentes (XM)
    0.192015E-03   0.000000E+00   0.514128E+00   0.000000E+00   0.000000E+00   0.000000E+00   0.000000E+00   0.352559E-03   0.000000E+00   0.000000E+00   0.000000E+00   0.100000E-19   0.100000E-19   0.000000E+00   0.100000E-19   0.100000E-19   0.000000E+00   0.352650E+03   0.352650E+03   0.477826E+00

   Variáveis dependentes (YM e Y)
    0.354350E+03   0.355250E+03   0.355650E+03   0.356650E+03   0.357950E+03   0.359350E+03   0.360750E+03   0.361850E+03   0.362650E+03   0.363050E+03   0.363050E+03   0.362850E+03   0.362550E+03   0.361950E+03   0.361450E+03   0.360950E+03   0.360350E+03   0.358650E+03   0.358250E+03   0.357750E+03   0.355950E+03   0.354750E+03   0.353550E+03   0.352950E+03   0.352550E+03   0.261000E+01   0.260000E+01   0.258000E+01   0.256000E+01   0.255000E+01   0.253000E+01   0.251000E+01   0.249000E+01   0.246000E+01   0.243000E+01   0.240000E+01   0.237000E+01   0.234000E+01   0.231000E+01   0.229000E+01   0.227000E+01   0.225000E+01   0.221000E+01   0.219000E+01   0.218000E+01   0.214000E+01   0.211000E+01   0.208000E+01   0.208000E+01   0.208000E+01   0.961000E+00   0.330000E-01   0.575281E+05   0.372089E+06   0.353088E+03   0.354036E+03   0.355307E+03   0.356740E+03   0.358190E+03   0.359544E+03   0.360717E+03   0.361655E+03   0.362332E+03   0.362744E+03   0.362907E+03   0.362849E+03   0.362603E+03   0.362209E+03   0.361704E+03   0.361123E+03   0.360497E+03   0.358585E+03   0.357991E+03   0.357434E+03   0.356028E+03   0.354523E+03   0.353416E+03   0.353197E+03   0.353158E+03   0.259458E+01   0.263230E+01   0.267802E+01   0.272315E+01   0.276035E+01   0.278405E+01   0.279076E+01   0.277911E+01   0.274969E+01   0.270461E+01   0.264692E+01   0.258015E+01   0.250780E+01   0.243301E+01   0.235844E+01   0.228614E+01   0.221760E+01   0.204220E+01   0.199461E+01   0.195228E+01   0.185339E+01   0.175844E+01   0.169503E+01   0.168317E+01   0.168111E+01   0.966987E+00   0.330127E-01   0.577221E+05   0.374766E+06

   Matriz de covariâcia de predição (componente do modelo)
    Exp 1
      0.151900E+01  0.454203E+01  0.726819E+01  0.938850E+01  0.127702E+02  0.636624E+01  0.261597E+01  0.731797E+01  -.153447E+02  -.145622E+02  -.125618E+02  -.172352E+02  -.379608E+02  -.414542E+02  -.408652E+02  -.325538E+02  -.275034E+02  -.163858E+02  -.146750E+01  0.219766E+02  -.202502E+02  -.165882E+02  -.146108E+00  0.740168E+00  0.730688E+00  0.615921E-01  0.171729E+00  0.241770E+00  0.279277E+00  0.411908E+00  -.482103E-01  -.307428E+00  0.198802E-01  -.135976E+01  -.120974E+01  -.967645E+00  -.112537E+01  -.222281E+01  -.228394E+01  -.211799E+01  -.154794E+01  -.117692E+01  -.656823E+00  0.530552E-01  0.104210E+01  -.879731E+00  -.705355E+00  0.574289E-02  0.362456E-01  0.300656E-01  0.177476E-03  -.146722E-03  0.329687E+04  0.346111E+09
