    1     1.00  0.326550E+03  0.326660E+03  0.326598E+03  0.326722E+03  0.351669E+00
    1     2.00  0.327650E+03  0.327748E+03  0.327643E+03  0.327854E+03  0.352854E+00
    1     3.00  0.328650E+03  0.328655E+03  0.328522E+03  0.328788E+03  0.353931E+00
    1     4.00  0.329350E+03  0.329420E+03  0.329272E+03  0.329568E+03  0.354685E+00
    1     5.00  0.329950E+03  0.330033E+03  0.329878E+03  0.330188E+03  0.355331E+00
    1     6.00  0.330450E+03  0.330552E+03  0.330397E+03  0.330707E+03  0.355869E+00
    1     7.00  0.330850E+03  0.330986E+03  0.330834E+03  0.331137E+03  0.356300E+00
    1     8.00  0.331150E+03  0.331330E+03  0.331185E+03  0.331475E+03  0.356623E+00
    1     9.00  0.331450E+03  0.331632E+03  0.331495E+03  0.331768E+03  0.356946E+00
    1    10.00  0.331650E+03  0.331869E+03  0.331742E+03  0.331996E+03  0.357162E+00
    1    11.00  0.331850E+03  0.332080E+03  0.331963E+03  0.332197E+03  0.357377E+00
    1    12.00  0.331950E+03  0.332258E+03  0.332151E+03  0.332366E+03  0.357485E+00
    1    13.00  0.332050E+03  0.332418E+03  0.332320E+03  0.332516E+03  0.357592E+00
    1    14.00  0.332150E+03  0.332543E+03  0.332454E+03  0.332631E+03  0.357700E+00
    1    15.00  0.332250E+03  0.332659E+03  0.332580E+03  0.332738E+03  0.357808E+00
    1    16.00  0.332250E+03  0.332726E+03  0.332655E+03  0.332798E+03  0.357808E+00
    1    17.00  0.332350E+03  0.332779E+03  0.332716E+03  0.332842E+03  0.357915E+00
    1    18.00  0.332350E+03  0.332839E+03  0.332782E+03  0.332895E+03  0.357915E+00
    1    19.00  0.332450E+03  0.332889E+03  0.332840E+03  0.332939E+03  0.358023E+00
    1    20.00  0.332450E+03  0.332932E+03  0.332887E+03  0.332977E+03  0.358023E+00
    1    25.00  0.332550E+03  0.333117E+03  0.333094E+03  0.333140E+03  0.358131E+00
    1    30.00  0.332650E+03  0.333141E+03  0.333129E+03  0.333153E+03  0.358238E+00
    1    40.00  0.332650E+03  0.333232E+03  0.333229E+03  0.333235E+03  0.358238E+00
    1    50.00  0.332650E+03  0.333247E+03  0.333247E+03  0.333247E+03  0.358238E+00
    2     1.00  0.334250E+03  0.334463E+03  0.334419E+03  0.334508E+03  0.359962E+00
    2     2.00  0.335750E+03  0.335899E+03  0.335822E+03  0.335975E+03  0.361577E+00
    2     3.00  0.337150E+03  0.337093E+03  0.336997E+03  0.337190E+03  0.363085E+00
    2     4.00  0.338250E+03  0.338089E+03  0.337981E+03  0.338197E+03  0.364269E+00
    2     5.00  0.339150E+03  0.338909E+03  0.338795E+03  0.339023E+03  0.365238E+00
    2     6.00  0.339850E+03  0.339614E+03  0.339500E+03  0.339729E+03  0.365992E+00
    2     7.00  0.340350E+03  0.340194E+03  0.340082E+03  0.340306E+03  0.366531E+00
    2     8.00  0.340850E+03  0.340678E+03  0.340571E+03  0.340785E+03  0.367069E+00
    2     9.00  0.341150E+03  0.341082E+03  0.340981E+03  0.341183E+03  0.367392E+00
    2    10.00  0.341450E+03  0.341403E+03  0.341309E+03  0.341498E+03  0.367715E+00
    2    11.00  0.341650E+03  0.341686E+03  0.341599E+03  0.341773E+03  0.367931E+00
    2    12.00  0.341850E+03  0.341925E+03  0.341845E+03  0.342004E+03  0.368146E+00
    2    13.00  0.341950E+03  0.342125E+03  0.342052E+03  0.342197E+03  0.368254E+00
    2    14.00  0.342050E+03  0.342301E+03  0.342235E+03  0.342367E+03  0.368362E+00
    2    15.00  0.342150E+03  0.342454E+03  0.342395E+03  0.342513E+03  0.368469E+00
    2    16.00  0.342250E+03  0.342568E+03  0.342515E+03  0.342621E+03  0.368577E+00
    2    17.00  0.342250E+03  0.342662E+03  0.342615E+03  0.342709E+03  0.368577E+00
    2    18.00  0.342350E+03  0.342742E+03  0.342700E+03  0.342784E+03  0.368685E+00
    2    19.00  0.342350E+03  0.342818E+03  0.342781E+03  0.342855E+03  0.368685E+00
    2    20.00  0.342450E+03  0.342888E+03  0.342854E+03  0.342921E+03  0.368792E+00
    2    25.00  0.342550E+03  0.343043E+03  0.343026E+03  0.343060E+03  0.368900E+00
    2    30.00  0.342550E+03  0.343159E+03  0.343150E+03  0.343168E+03  0.368900E+00
    2    40.00  0.342550E+03  0.343236E+03  0.343233E+03  0.343238E+03  0.368900E+00
    2    50.00  0.342550E+03  0.343169E+03  0.343169E+03  0.343169E+03  0.368900E+00
    3     1.00  0.340750E+03  0.341044E+03  0.341013E+03  0.341075E+03  0.366962E+00
    3     2.00  0.342950E+03  0.342999E+03  0.342946E+03  0.343053E+03  0.369331E+00
    3     3.00  0.344850E+03  0.344645E+03  0.344577E+03  0.344713E+03  0.371377E+00
    3     4.00  0.346450E+03  0.346020E+03  0.345944E+03  0.346097E+03  0.373100E+00
    3     5.00  0.347650E+03  0.347179E+03  0.347099E+03  0.347259E+03  0.374392E+00
    3     6.00  0.348650E+03  0.348156E+03  0.348075E+03  0.348237E+03  0.375469E+00
    3     7.00  0.349350E+03  0.348962E+03  0.348883E+03  0.349041E+03  0.376223E+00
    3     8.00  0.350050E+03  0.349634E+03  0.349558E+03  0.349710E+03  0.376977E+00
    3     9.00  0.350450E+03  0.350197E+03  0.350126E+03  0.350269E+03  0.377408E+00
    3    10.00  0.350850E+03  0.350669E+03  0.350602E+03  0.350737E+03  0.377838E+00
    3    11.00  0.351250E+03  0.351066E+03  0.351004E+03  0.351128E+03  0.378269E+00
    3    12.00  0.351450E+03  0.351399E+03  0.351342E+03  0.351456E+03  0.378485E+00
    3    13.00  0.351650E+03  0.351679E+03  0.351627E+03  0.351731E+03  0.378700E+00
    3    14.00  0.351850E+03  0.351914E+03  0.351867E+03  0.351961E+03  0.378915E+00
    3    15.00  0.351950E+03  0.352099E+03  0.352057E+03  0.352141E+03  0.379023E+00
    3    16.00  0.352050E+03  0.352266E+03  0.352228E+03  0.352303E+03  0.379131E+00
    3    17.00  0.352150E+03  0.352392E+03  0.352358E+03  0.352425E+03  0.379238E+00
    3    18.00  0.352250E+03  0.352507E+03  0.352477E+03  0.352537E+03  0.379346E+00
    3    19.00  0.352250E+03  0.352595E+03  0.352569E+03  0.352621E+03  0.379346E+00
    3    20.00  0.352250E+03  0.352695E+03  0.352672E+03  0.352719E+03  0.379346E+00
    3    25.00  0.352450E+03  0.352903E+03  0.352759E+03  0.353048E+03  0.379562E+00
    3    30.00  0.352450E+03  0.353040E+03  0.352812E+03  0.353269E+03  0.379562E+00
    3    40.00  0.352550E+03  0.353131E+03  0.353095E+03  0.353167E+03  0.379669E+00
    3    50.00  0.352550E+03  0.353065E+03  0.353006E+03  0.353125E+03  0.379669E+00
