  0.00            9.14768            1.03875
  1.00            9.21035            1.04866
  2.00            9.31176            1.06474
  3.00            9.41792            1.08165
  4.00            9.51503            1.09718
  5.00            9.59854            1.11058
  6.00            9.66817            1.12179
  7.00            9.72537            1.13102
  8.00            9.77211            1.13858
  9.00            9.81034            1.14478
 10.00            9.84173            1.14987
 11.00            9.86764            1.15408
 12.00            9.88915            1.15757
 13.00            9.90705            1.16048
 14.00            9.92193            1.16291
 15.00            9.93421            1.16491
 20.00            9.96316            1.16963
 25.00            9.94251            1.16626
 30.00            9.87691            1.15558
 40.00            9.67585            1.12303
 50.00            9.49283            1.09362
 60.00            9.37392            1.07463
 75.00            9.28538            1.06055
 90.00            9.25100            1.05509
105.00            9.23808            1.05305
120.00            9.23328            1.05229
