
     RESULTADOS DA ESTIMACAO

   Numero de Experimentos =   3
   Numero de Variáveis de Entrada =  20
   Numero de Variáveis de Saida =  24

   Número de Iterações =   1

   Função Objetivo =  0.651028E+02

   Graus de Liberdade =  0.710000E+02

   Chi2 superior =  0.961917E+02

   Chi2 inferior =  0.495851E+02

   Parâmetros EstimadosLimites de Confiança e Desvio Padrão
                      Param          LimInf          LimSup         DesvPad
   Param(01) =    0.131604E+03    0.129553E+03    0.133655E+03    0.102873E+01

   Matriz de Covariância dos Parâmetros
      0.105829E+01

   Matriz de Correlação dos Parâmetros
      0.100000E+01

    Variáveis independentes (XM)
    0.193466E-03   0.000000E+00   0.000000E+00   0.000000E+00   0.000000E+00   0.000000E+00   0.000000E+00   0.353621E-03   0.000000E+00   0.000000E+00   0.000000E+00   0.100000E-19   0.100000E-19   0.000000E+00   0.100000E-19   0.100000E-19   0.000000E+00   0.325450E+03   0.325450E+03   0.450000E+00
    0.193466E-03   0.000000E+00   0.000000E+00   0.000000E+00   0.000000E+00   0.000000E+00   0.000000E+00   0.353621E-03   0.000000E+00   0.000000E+00   0.000000E+00   0.100000E-19   0.100000E-19   0.000000E+00   0.100000E-19   0.100000E-19   0.000000E+00   0.332850E+03   0.332850E+03   0.450000E+00
    0.193466E-03   0.000000E+00   0.000000E+00   0.000000E+00   0.000000E+00   0.000000E+00   0.000000E+00   0.353621E-03   0.000000E+00   0.000000E+00   0.000000E+00   0.100000E-19   0.100000E-19   0.000000E+00   0.100000E-19   0.100000E-19   0.000000E+00   0.338850E+03   0.338850E+03   0.450000E+00

   Variáveis dependentes (YM e Y)
    0.326550E+03   0.327650E+03   0.328650E+03   0.329350E+03   0.329950E+03   0.330450E+03   0.330850E+03   0.331150E+03   0.331450E+03   0.331650E+03   0.331850E+03   0.331950E+03   0.332050E+03   0.332150E+03   0.332250E+03   0.332250E+03   0.332350E+03   0.332350E+03   0.332450E+03   0.332450E+03   0.332550E+03   0.332650E+03   0.332650E+03   0.332650E+03   0.326660E+03   0.327748E+03   0.328655E+03   0.329420E+03   0.330033E+03   0.330552E+03   0.330986E+03   0.331330E+03   0.331632E+03   0.331869E+03   0.332080E+03   0.332258E+03   0.332418E+03   0.332543E+03   0.332659E+03   0.332726E+03   0.332779E+03   0.332839E+03   0.332889E+03   0.332932E+03   0.333117E+03   0.333141E+03   0.333232E+03   0.333247E+03
    0.334250E+03   0.335750E+03   0.337150E+03   0.338250E+03   0.339150E+03   0.339850E+03   0.340350E+03   0.340850E+03   0.341150E+03   0.341450E+03   0.341650E+03   0.341850E+03   0.341950E+03   0.342050E+03   0.342150E+03   0.342250E+03   0.342250E+03   0.342350E+03   0.342350E+03   0.342450E+03   0.342550E+03   0.342550E+03   0.342550E+03   0.342550E+03   0.334463E+03   0.335899E+03   0.337093E+03   0.338089E+03   0.338909E+03   0.339614E+03   0.340194E+03   0.340678E+03   0.341082E+03   0.341403E+03   0.341686E+03   0.341925E+03   0.342125E+03   0.342301E+03   0.342454E+03   0.342568E+03   0.342662E+03   0.342742E+03   0.342818E+03   0.342888E+03   0.343043E+03   0.343159E+03   0.343236E+03   0.343169E+03
    0.340750E+03   0.342950E+03   0.344850E+03   0.346450E+03   0.347650E+03   0.348650E+03   0.349350E+03   0.350050E+03   0.350450E+03   0.350850E+03   0.351250E+03   0.351450E+03   0.351650E+03   0.351850E+03   0.351950E+03   0.352050E+03   0.352150E+03   0.352250E+03   0.352250E+03   0.352250E+03   0.352450E+03   0.352450E+03   0.352550E+03   0.352550E+03   0.341044E+03   0.342999E+03   0.344645E+03   0.346020E+03   0.347179E+03   0.348156E+03   0.348962E+03   0.349634E+03   0.350197E+03   0.350669E+03   0.351066E+03   0.351399E+03   0.351679E+03   0.351914E+03   0.352099E+03   0.352266E+03   0.352392E+03   0.352507E+03   0.352595E+03   0.352695E+03   0.352903E+03   0.353040E+03   0.353131E+03   0.353065E+03

   Matriz de covariâcia de predição (componente do modelo)
    Exp 1
      0.772198E-06  0.131753E-05  0.165829E-05  0.184847E-05  0.193429E-05  0.194259E-05  0.189458E-05  0.181224E-05  0.170750E-05  0.159012E-05  0.146708E-05  0.134311E-05  0.122144E-05  0.110455E-05  0.987786E-06  0.890552E-06  0.787629E-06  0.707190E-06  0.619456E-06  0.562855E-06  0.283795E-06  0.151763E-06  0.375561E-07  0.621408E-09
    Exp 2
      -.122016E-05  -.209187E-05  -.264376E-05  -.295803E-05  -.310528E-05  -.312861E-05  -.305810E-05  -.292908E-05  -.276337E-05  -.257561E-05  -.237788E-05  -.217844E-05  -.198228E-05  -.179353E-05  -.160553E-05  -.144663E-05  -.127920E-05  -.114847E-05  -.100628E-05  -.914603E-06  -.457956E-06  -.247475E-06  -.609558E-07  0.296504E-08
    Exp 3
      0.464245E-03  0.798979E-03  0.101438E-02  0.113841E-02  0.119774E-02  0.121008E-02  0.118474E-02  0.113615E-02  0.107288E-02  0.100080E-02  0.924663E-03  0.847617E-03  0.771830E-03  0.698733E-03  0.624976E-03  0.562883E-03  0.497486E-03  0.446186E-03  0.392772E-03  0.352500E-03  -.215649E-02  0.341290E-02  -.538089E-03  0.885380E-03
