
  Iteracao =   0
  Funcao objetivo =0.651028E+02
  Parametros =     0.131604E+03
  Variaveis Dependentes (Y)
  Exp =   1   0.326657E+03   0.327744E+03   0.328649E+03   0.329413E+03   0.330026E+03   0.330545E+03   0.330979E+03   0.331324E+03   0.331626E+03   0.331863E+03   0.332075E+03   0.332253E+03   0.332414E+03   0.332539E+03   0.332655E+03   0.332723E+03   0.332777E+03   0.332836E+03   0.332887E+03   0.332930E+03   0.333116E+03   0.333141E+03   0.333232E+03   0.333247E+03
  Exp =   2   0.334460E+03   0.335892E+03   0.337085E+03   0.338080E+03   0.338900E+03   0.339605E+03   0.340185E+03   0.340669E+03   0.341073E+03   0.341396E+03   0.341679E+03   0.341918E+03   0.342119E+03   0.342296E+03   0.342449E+03   0.342564E+03   0.342659E+03   0.342739E+03   0.342815E+03   0.342885E+03   0.343042E+03   0.343158E+03   0.343235E+03   0.343169E+03
  Exp =   3   0.341039E+03   0.342991E+03   0.344634E+03   0.346008E+03   0.347166E+03   0.348143E+03   0.348949E+03   0.349622E+03   0.350186E+03   0.350659E+03   0.351056E+03   0.351390E+03   0.351671E+03   0.351906E+03   0.352092E+03   0.352260E+03   0.352386E+03   0.352502E+03   0.352591E+03   0.352692E+03   0.352903E+03   0.353036E+03   0.353131E+03   0.353065E+03

  Variacao linear da funcao objetivo =-.256809E+01
  Variacao dos parametros =  -.164857E+01
  Passo =0.100000E+01     Nova funcao objetivo =0.658121E+02
