65.3d0		
2.64d0		
70.0d0		

1.0	66.30	70.0
2.0	67.50	70.0
3.0	68.70	70.0
4.0	70.30	70.0
5.0	71.70	70.0
6.0	73.30	70.0
7.0	74.90	70.0
8.0	76.60	70.0
9.0	78.10	70.0
10.0	79.30	70.0
11.0	80.40	70.0
12.0	81.10	70.0
13.0	81.60	70.0
14.0	81.70	70.0
15.0	81.70	70.0
16.0	81.50	70.0
17.0	81.20	70.0
20.0	79.80	70.0
25.0	77.10	70.0
30.0	74.80	70.0
40.0	72.10	70.0
50.0	70.90	70.0
60.0	70.30	70.0
75.0	69.80	70.0
90.0	69.60	70.0

1.069267662
0.896288644
0.665832812
0.458257569
0.75055535
1.081665383
1.5011107
1.955334583
2.400694344
2.676440422
2.970409624
2.954657341
2.829016319
2.510644008
2.182506205
1.670329309
1.153256259
0.173205081
0.723417814
1.069267662
0.721110255
0.56862407
0.4163332
0.264575131
0.2081666


2.66
2.68
2.69
2.71
2.72
2.72
2.73
2.73
2.73
2.72
2.70
2.69
2.66
2.63
2.60
2.57
2.54
2.45
2.33
2.24
2.10
2.03
1.98
1.94
1.91

0.19
0.183393929
0.185202592
0.181475435
0.172143351
0.168621865
0.174355958
0.174355958
0.180092569
0.188237439
0.193476958
0.205020324
0.213853532
0.219620885
0.225388553
0.225388553
0.225388553
0.220302822
0.188237439
0.1530795
0.115470054
0.088881944
0.060277138
0.052915026
0.057735027

0.974d0
0.0227d0
44737.77d0
266732.4d0

0.008717798
0.009237604
4532.141878
30005.48156


3.227033917		! Solvente mol  ! PADRAO S2
0.000188307		! Catalisador mol
0.504761060		! Butadieno mol
0.000346188		! DIBA-H mol


