
     RESULTADOS DA ESTIMACAO

   Numero de Experimentos =   1
   Numero de Variáveis de Entrada =  20
   Numero de Variáveis de Saida =  54

   Número de Iterações =   2

   Função Objetivo =  0.276517E+02

   Graus de Liberdade =  0.490000E+02

   Chi2 superior =  0.702224E+02

   Chi2 inferior =  0.315549E+02

   Parâmetros EstimadosLimites de Confiança e Desvio Padrão
                      Param          LimInf          LimSup         DesvPad
   Param(01) =    -.177201E+01    -.308336E+01    -.460665E+00    0.652550E+00
   Param(02) =    -.163284E+01    -.168627E+01    -.157940E+01    0.265900E-01
   Param(03) =    0.316636E+01    0.194011E+01    0.439260E+01    0.610201E+00
   Param(04) =    -.979834E+00    -.115343E+01    -.806242E+00    0.863822E-01
   Param(05) =    0.243043E+01    0.135416E+01    0.350671E+01    0.535573E+00

   Limites de Confiança do Enxame e da Elipse
                    Param       LIelipse      LIenxame      LSelipse      LSenxame
   Param(01) =  -.177201E+01  -.308336E+01  -.340000E+01  -.460665E+00  -.200000E+00
   Param(02) =  -.163284E+01  -.168627E+01  -.240000E+01  -.157940E+01  -.100000E+01
   Param(03) =  0.316636E+01  0.194011E+01  0.290000E+01  0.439260E+01  0.350000E+01
   Param(04) =  -.979834E+00  -.115343E+01  -.980000E+00  -.806242E+00  -.500000E+00
   Param(05) =  0.243043E+01  0.135416E+01  -.627744E+67  0.350671E+01  0.243043E+01

   Matriz de Covariância dos Parâmetros
      0.425822E+00  0.331580E-04  -.398029E+00  -.514470E-01  -.348894E+00
      0.331580E-04  0.707027E-03  -.470961E-04  -.400769E-05  -.271783E-04
      -.398029E+00  -.470961E-04  0.372346E+00  0.481309E-01  0.326410E+00
      -.514470E-01  -.400769E-05  0.481309E-01  0.746188E-02  0.430177E-01
      -.348894E+00  -.271783E-04  0.326410E+00  0.430177E-01  0.286838E+00

   Matriz de Correlação dos Parâmetros
      0.100000E+01  0.191098E-02  -.999603E+00  -.912687E+00  -.998301E+00
      0.191098E-02  0.100000E+01  -.290264E-02  -.174482E-02  -.190847E-02
      -.999603E+00  -.290264E-02  0.100000E+01  0.913118E+00  0.998785E+00
      -.912687E+00  -.174482E-02  0.913118E+00  0.100000E+01  0.929832E+00
      -.998301E+00  -.190847E-02  0.998785E+00  0.929832E+00  0.100000E+01

    Variáveis independentes (XM)
    0.188307E-03   0.000000E+00   0.504761E+00   0.000000E+00   0.000000E+00   0.000000E+00   0.000000E+00   0.346188E-03   0.000000E+00   0.000000E+00   0.000000E+00   0.100000E-19   0.100000E-19   0.000000E+00   0.100000E-19   0.100000E-19   0.000000E+00   0.338450E+03   0.338450E+03   0.469120E+00

   Variáveis dependentes (YM e Y)
    0.339450E+03   0.340650E+03   0.341850E+03   0.343450E+03   0.344850E+03   0.346450E+03   0.348050E+03   0.349750E+03   0.351250E+03   0.352450E+03   0.353550E+03   0.354250E+03   0.354750E+03   0.354850E+03   0.354850E+03   0.354650E+03   0.354350E+03   0.352950E+03   0.350250E+03   0.347950E+03   0.345250E+03   0.344050E+03   0.343450E+03   0.342950E+03   0.342750E+03   0.266000E+01   0.268000E+01   0.269000E+01   0.271000E+01   0.272000E+01   0.272000E+01   0.273000E+01   0.273000E+01   0.273000E+01   0.272000E+01   0.270000E+01   0.269000E+01   0.266000E+01   0.263000E+01   0.260000E+01   0.257000E+01   0.254000E+01   0.245000E+01   0.233000E+01   0.224000E+01   0.210000E+01   0.203000E+01   0.198000E+01   0.194000E+01   0.191000E+01   0.974000E+00   0.227000E-01   0.447378E+05   0.266732E+06   0.339358E+03   0.340610E+03   0.342078E+03   0.343679E+03   0.345334E+03   0.346973E+03   0.348535E+03   0.349970E+03   0.351242E+03   0.352328E+03   0.353213E+03   0.353896E+03   0.354380E+03   0.354677E+03   0.354803E+03   0.354776E+03   0.354617E+03   0.353549E+03   0.350856E+03   0.348250E+03   0.344985E+03   0.343721E+03   0.343315E+03   0.343174E+03   0.343153E+03   0.265931E+01   0.270972E+01   0.276527E+01   0.282257E+01   0.287825E+01   0.292916E+01   0.297260E+01   0.300646E+01   0.302934E+01   0.304057E+01   0.304018E+01   0.302880E+01   0.300750E+01   0.297769E+01   0.294093E+01   0.289881E+01   0.285287E+01   0.270548E+01   0.247990E+01   0.231627E+01   0.214903E+01   0.209287E+01   0.207585E+01   0.207011E+01   0.206930E+01   0.977243E+00   0.227570E-01   0.419114E+05   0.284161E+06

   Matriz de covariâcia de predição (componente do modelo)
    Exp 1
      -.267376E-02  -.881417E-03  -.149713E-02  -.315593E-02  -.381276E-02  -.428093E-02  -.527501E-02  -.360042E-02  -.633638E-03  -.732072E-04  0.974227E-03  0.135664E-02  0.952075E-03  0.424605E-03  0.312815E-03  0.323176E-03  0.124356E-02  -.161745E-02  -.342118E-01  0.658801E-03  -.125218E-01  0.322403E-01  -.147627E-01  -.162112E-01  -.150006E-01  -.124645E-03  -.283218E-04  -.420555E-04  -.104703E-03  -.113664E-03  -.110004E-03  -.129429E-03  -.827207E-05  0.160471E-03  0.220534E-03  0.300278E-03  0.334356E-03  0.319603E-03  0.287805E-03  0.287729E-03  0.286693E-03  0.320974E-03  0.264915E-03  -.351308E-03  0.111798E-02  -.268574E-03  0.792973E-03  -.808524E-03  -.641444E-03  -.551631E-03  -.270278E-08  0.370704E-09  0.546568E-02  0.177865E+09
