
     RESULTADOS DA ESTIMACAO

   Numero de Experimentos =   1
   Numero de Variáveis de Entrada =  20
   Numero de Variáveis de Saida =  54

   Número de Iterações =   2

   Função Objetivo =  0.346347E+02

   Graus de Liberdade =  0.490000E+02

   Chi2 superior =  0.702224E+02

   Chi2 inferior =  0.315549E+02

   Parâmetros EstimadosLimites de Confiança e Desvio Padrão
                      Param          LimInf          LimSup         DesvPad
   Param(01) =    -.143164E+01    -.203450E+01    -.828772E+00    0.299996E+00
   Param(02) =    -.163690E+01    -.169081E+01    -.158299E+01    0.268264E-01
   Param(03) =    0.284449E+01    0.232450E+01    0.336447E+01    0.258755E+00
   Param(04) =    -.929978E+00    -.104790E+01    -.812054E+00    0.586812E-01
   Param(05) =    0.219039E+01    0.175166E+01    0.262912E+01    0.218322E+00

   Limites de Confiança do Enxame e da Elipse
                    Param       LIelipse      LIenxame      LSelipse      LSenxame
   Param(01) =  -.143164E+01  -.203450E+01  -.147716E+01  -.828772E+00  -.143000E+01
   Param(02) =  -.163690E+01  -.169081E+01  -.170338E+01  -.158299E+01  -.156777E+01
   Param(03) =  0.284449E+01  0.232450E+01  0.281623E+01  0.336447E+01  0.289050E+01
   Param(04) =  -.929978E+00  -.104790E+01  -.930000E+00  -.812054E+00  -.914517E+00
   Param(05) =  0.219039E+01  0.175166E+01  0.214881E+01  0.262912E+01  0.220000E+01

   Matriz de Covariância dos Parâmetros
      0.899978E-01  -.873862E-05  -.774549E-01  0.142519E-01  -.647550E-01
      -.873862E-05  0.719655E-03  -.229802E-04  0.105020E-05  -.575111E-05
      -.774549E-01  -.229802E-04  0.669541E-01  -.122095E-01  0.560293E-01
      0.142519E-01  0.105020E-05  -.122095E-01  0.344348E-02  -.940898E-02
      -.647550E-01  -.575111E-05  0.560293E-01  -.940898E-02  0.476643E-01

   Matriz de Correlação dos Parâmetros
      0.100000E+01  -.108584E-02  -.997802E+00  0.809575E+00  -.988692E+00
      -.108584E-02  0.100000E+01  -.331057E-02  0.667130E-03  -.981957E-03
      -.997802E+00  -.331057E-02  0.100000E+01  -.804103E+00  0.991813E+00
      0.809575E+00  0.667130E-03  -.804103E+00  0.100000E+01  -.734424E+00
      -.988692E+00  -.981957E-03  0.991813E+00  -.734424E+00  0.100000E+01

    Variáveis independentes (XM)
    0.188307E-03   0.000000E+00   0.504761E+00   0.000000E+00   0.000000E+00   0.000000E+00   0.000000E+00   0.346188E-03   0.000000E+00   0.000000E+00   0.000000E+00   0.100000E-19   0.100000E-19   0.000000E+00   0.100000E-19   0.100000E-19   0.000000E+00   0.338450E+03   0.338450E+03   0.469120E+00

   Variáveis dependentes (YM e Y)
    0.339450E+03   0.340650E+03   0.341850E+03   0.343450E+03   0.344850E+03   0.346450E+03   0.348050E+03   0.349750E+03   0.351250E+03   0.352450E+03   0.353550E+03   0.354250E+03   0.354750E+03   0.354850E+03   0.354850E+03   0.354650E+03   0.354350E+03   0.352950E+03   0.350250E+03   0.347950E+03   0.345250E+03   0.344050E+03   0.343450E+03   0.342950E+03   0.342750E+03   0.266000E+01   0.268000E+01   0.269000E+01   0.271000E+01   0.272000E+01   0.272000E+01   0.273000E+01   0.273000E+01   0.273000E+01   0.272000E+01   0.270000E+01   0.269000E+01   0.266000E+01   0.263000E+01   0.260000E+01   0.257000E+01   0.254000E+01   0.245000E+01   0.233000E+01   0.224000E+01   0.210000E+01   0.203000E+01   0.198000E+01   0.194000E+01   0.191000E+01   0.974000E+00   0.227000E-01   0.447378E+05   0.266732E+06   0.339372E+03   0.340656E+03   0.342157E+03   0.343782E+03   0.345446E+03   0.347076E+03   0.348611E+03   0.350005E+03   0.351228E+03   0.352259E+03   0.353091E+03   0.353725E+03   0.354168E+03   0.354433E+03   0.354538E+03   0.354500E+03   0.354341E+03   0.353319E+03   0.350774E+03   0.348291E+03   0.345092E+03   0.343790E+03   0.343346E+03   0.343181E+03   0.343155E+03   0.265979E+01   0.271122E+01   0.276781E+01   0.282576E+01   0.288148E+01   0.293174E+01   0.297392E+01   0.300608E+01   0.302706E+01   0.303647E+01   0.303453E+01   0.302204E+01   0.300017E+01   0.297033E+01   0.293404E+01   0.289283E+01   0.284815E+01   0.270550E+01   0.248670E+01   0.232572E+01   0.215632E+01   0.209653E+01   0.207737E+01   0.207044E+01   0.206936E+01   0.977448E+00   0.225524E-01   0.392194E+05   0.291554E+06

   Matriz de covariâcia de predição (componente do modelo)
    Exp 1
      0.622808E+01  0.203358E+02  0.361066E+02  0.494641E+02  0.575281E+02  0.586331E+02  0.534678E+02  0.428329E+02  0.273877E+02  0.436953E+02  0.150116E+02  -.170767E+02  -.286389E+02  -.404433E+02  -.522821E+02  -.510362E+02  -.371473E+02  0.199265E+03  0.217266E+03  0.165830E+03  0.256862E+02  0.474043E+01  0.524823E+01  -.209120E+00  -.251369E+00  0.207267E+00  0.670974E+00  0.116490E+01  0.154368E+01  0.169915E+01  0.156648E+01  0.119363E+01  0.629933E+00  -.879632E-01  0.106098E+01  -.191657E+00  -.155566E+01  -.172645E+01  -.188312E+01  -.203305E+01  -.150598E+01  -.369103E+00  0.121193E+02  0.122370E+02  0.890725E+01  0.191661E+01  0.534030E+00  0.314748E+00  0.153511E-01  -.588533E-02  0.288545E-03  -.289462E-03  0.533401E+05  0.177638E+09
