
  Iteracao =   0
  Funcao objetivo =0.277179E+02
  Parametros =     -.177199E+01     -.163280E+01     0.316640E+01     -.979377E+00     0.243034E+01
  Variaveis Dependentes (Y)
  Exp =   1   0.339358E+03   0.340610E+03   0.342078E+03   0.343679E+03   0.345335E+03   0.346974E+03   0.348536E+03   0.349971E+03   0.351243E+03   0.352329E+03   0.353215E+03   0.353897E+03   0.354381E+03   0.354678E+03   0.354804E+03   0.354777E+03   0.354618E+03   0.353549E+03   0.350856E+03   0.348249E+03   0.344984E+03   0.343721E+03   0.343315E+03   0.343174E+03   0.343153E+03   0.265931E+01   0.270972E+01   0.276528E+01   0.282259E+01   0.287827E+01   0.292919E+01   0.297263E+01   0.300649E+01   0.302936E+01   0.304059E+01   0.304019E+01   0.302880E+01   0.300750E+01   0.297768E+01   0.294091E+01   0.289878E+01   0.285284E+01   0.270543E+01   0.247985E+01   0.231622E+01   0.214900E+01   0.209286E+01   0.207585E+01   0.207011E+01   0.206930E+01   0.977241E+00   0.227593E-01   0.419464E+05   0.284779E+06

  Variacao linear da funcao objetivo =-.130256E+01
  Variacao dos parametros =  -.795614E-03  -.135817E-02  -.170463E-02  -.175786E-01  0.348862E-02
  Passo =0.260123E-01     Nova funcao objetivo =0.276517E+02

  Iteracao =   1
  Funcao objetivo =0.276517E+02
  Parametros =     -.177201E+01     -.163284E+01     0.316636E+01     -.979834E+00     0.243043E+01
  Variaveis Dependentes (Y)
  Exp =   1   0.339358E+03   0.340610E+03   0.342078E+03   0.343679E+03   0.345334E+03   0.346973E+03   0.348535E+03   0.349970E+03   0.351242E+03   0.352328E+03   0.353214E+03   0.353896E+03   0.354380E+03   0.354678E+03   0.354803E+03   0.354777E+03   0.354617E+03   0.353549E+03   0.350856E+03   0.348250E+03   0.344985E+03   0.343721E+03   0.343315E+03   0.343174E+03   0.343153E+03   0.265931E+01   0.270972E+01   0.276527E+01   0.282257E+01   0.287825E+01   0.292917E+01   0.297261E+01   0.300647E+01   0.302934E+01   0.304057E+01   0.304018E+01   0.302880E+01   0.300750E+01   0.297769E+01   0.294092E+01   0.289880E+01   0.285287E+01   0.270547E+01   0.247989E+01   0.231626E+01   0.214902E+01   0.209287E+01   0.207585E+01   0.207011E+01   0.206930E+01   0.977242E+00   0.227575E-01   0.419188E+05   0.284295E+06

  Variacao linear da funcao objetivo =-.119134E+01
  Variacao dos parametros =  -.659997E-03  -.127771E-02  -.138170E-02  -.169937E-01  0.305064E-02
